omegabh2: 0.02224278
omegach2: 0.1196957
H0: 67.29736
omegam: 0.31482810
omegamh2: 0.1425836
omegal: 0.68517190
yheused: 0.2453368
omegak: 0.0